{
  "advancedEditorSelectedIdentifier" : "ShaderGraphEditorPluginID",
  "openSceneRelativePaths" : [
    "Immersive.usda"
  ],
  "recentIdentifiers" : {
    "AF09ED6F-1707-48FD-8720-65B998362C09" : [

    ]
  },
  "sceneCameraHistory" : {
    "AF09ED6F-1707-48FD-8720-65B998362C09" : [
      {
        "date" : 732139938.378217,
        "title" : "Untitled",
        "transform" : [
          0.3794134,
          4.2570925e-09,
          0.9252273,
          0,
          0.38089535,
          0.91132957,
          -0.15619598,
          0,
          -0.843187,
          0.4116776,
          0.34577066,
          0,
          -0.72610366,
          0.2435226,
          -1.311682,
          1
        ]
      },
      {
        "date" : 732072854.816756,
        "title" : "Untitled",
        "transform" : [
          0.37941346,
          1.1911447e-08,
          0.9252274,
          0,
          0.38089538,
          0.91132957,
          -0.15619601,
          0,
          -0.843187,
          0.4116775,
          0.34577066,
          0,
          -31.651194,
          18.226147,
          43.571144,
          1
        ]
      },
      {
        "date" : 732072847.234604,
        "title" : "Untitled",
        "transform" : [
          0.93406147,
          3.7819774e-09,
          0.3571125,
          0,
          0.006285954,
          0.9998451,
          -0.016441505,
          0,
          -0.3570572,
          0.017602064,
          0.93391675,
          0,
          9.157474,
          -1.2064751,
          55.3283,
          1
        ]
      },
      {
        "date" : 732072843.516888,
        "title" : "Untitled",
        "transform" : [
          -0.089719854,
          1.5003845e-09,
          0.99596703,
          0,
          0.1866094,
          0.9822903,
          0.016810365,
          0,
          -0.9783289,
          0.18736498,
          -0.08813095,
          0,
          -89.77497,
          12.653598,
          40.57727,
          1
        ]
      },
      {
        "date" : 732072829.316775,
        "title" : "Untitled",
        "transform" : [
          -0.08512935,
          1.5003847e-09,
          0.99637,
          0,
          0.18668489,
          0.9822903,
          0.015950264,
          0,
          -0.9787246,
          0.18736498,
          -0.08362174,
          0,
          -3.341034,
          0.3645932,
          0.4369343,
          1
        ]
      },
      {
        "date" : 732072826.433396,
        "title" : "Untitled",
        "transform" : [
          0.99818313,
          1.9611481e-09,
          0.060253784,
          0,
          0.03409717,
          0.824479,
          -0.56486434,
          0,
          -0.049677983,
          0.5658925,
          0.82298094,
          0,
          0.54683983,
          1.6555358,
          2.9071715,
          1
        ]
      },
      {
        "date" : 732056783.452089,
        "title" : "Untitled",
        "transform" : [
          0.92880076,
          1.043965e-09,
          0.37057954,
          0,
          0.109974295,
          0.9549511,
          -0.2756337,
          0,
          -0.35388535,
          0.296763,
          0.8869593,
          0,
          -0.8233557,
          1.1254547,
          3.0177083,
          1
        ]
      },
      {
        "date" : 732056781.569285,
        "title" : "Untitled",
        "transform" : [
          0.9132198,
          1.3960466e-10,
          0.40746725,
          0,
          -0.023903888,
          0.9982777,
          0.053573642,
          0,
          -0.4067655,
          -0.058664564,
          0.911647,
          0,
          -1.0239123,
          -0.041464787,
          3.162438,
          1
        ]
      },
      {
        "date" : 732056777.735727,
        "title" : "Untitled",
        "transform" : [
          0.40876764,
          -4.4065085e-11,
          0.9126384,
          0,
          0.014872376,
          0.9998672,
          -0.0066612866,
          0,
          -0.91251725,
          0.01629602,
          0.40871337,
          0,
          -2.8662653,
          0.20602868,
          1.671291,
          1
        ]
      },
      {
        "date" : 732056302.431957,
        "title" : "Untitled",
        "transform" : [
          0.89120364,
          -1.9919435e-09,
          0.4536034,
          0,
          0.2037493,
          0.89344156,
          -0.4003103,
          0,
          -0.40526816,
          0.4491794,
          0.7962384,
          0,
          -0.9929722,
          1.623881,
          2.7254694,
          1
        ]
      }
    ]
  }
}